{
 "cells": [
  {
   "cell_type": "markdown",
   "metadata": {},
   "source": [
    "# Analisis descriptivo multivariado\n",
    "\n",
    "**Universidad Central**\n",
    "\n",
    "*Nelson Alirio Cruz, Isaac Zainea*\n",
    "\n",
    "Usando este cuaderno de jupyter y un núcleo de R haremos una rápida exploración de los datos nutritivos de algunos cereales, este cuaderno está alojado . "
   ]
  },
  {
   "cell_type": "code",
   "execution_count": 18,
   "metadata": {},
   "outputs": [],
   "source": [
    "Datos=read.csv2(\"https://raw.githubusercontent.com/Izainea/ucmadmetodosestadisticos/master/Bases/cereal.csv\")\n"
   ]
  },
  {
   "cell_type": "code",
   "execution_count": 19,
   "metadata": {},
   "outputs": [
    {
     "data": {
      "text/html": [
       "<table>\n",
       "<caption>A data.frame: 6 × 16</caption>\n",
       "<thead>\n",
       "\t<tr><th></th><th scope=col>name</th><th scope=col>mfr</th><th scope=col>type</th><th scope=col>calories</th><th scope=col>protein</th><th scope=col>fat</th><th scope=col>sodium</th><th scope=col>fiber</th><th scope=col>carbo</th><th scope=col>sugars</th><th scope=col>potass</th><th scope=col>vitamins</th><th scope=col>shelf</th><th scope=col>weight</th><th scope=col>cups</th><th scope=col>rating</th></tr>\n",
       "\t<tr><th></th><th scope=col>&lt;fct&gt;</th><th scope=col>&lt;fct&gt;</th><th scope=col>&lt;fct&gt;</th><th scope=col>&lt;int&gt;</th><th scope=col>&lt;int&gt;</th><th scope=col>&lt;int&gt;</th><th scope=col>&lt;int&gt;</th><th scope=col>&lt;fct&gt;</th><th scope=col>&lt;fct&gt;</th><th scope=col>&lt;int&gt;</th><th scope=col>&lt;int&gt;</th><th scope=col>&lt;int&gt;</th><th scope=col>&lt;int&gt;</th><th scope=col>&lt;fct&gt;</th><th scope=col>&lt;fct&gt;</th><th scope=col>&lt;fct&gt;</th></tr>\n",
       "</thead>\n",
       "<tbody>\n",
       "\t<tr><th scope=row>1</th><td>100% Bran                </td><td>N</td><td>C</td><td> 70</td><td>4</td><td>1</td><td>130</td><td>10 </td><td>5   </td><td> 6</td><td>280</td><td>25</td><td>3</td><td>1</td><td>0.33</td><td>68.402973</td></tr>\n",
       "\t<tr><th scope=row>2</th><td>100% Natural Bran        </td><td>Q</td><td>C</td><td>120</td><td>3</td><td>5</td><td> 15</td><td>2  </td><td>8   </td><td> 8</td><td>135</td><td> 0</td><td>3</td><td>1</td><td>1   </td><td>33.983679</td></tr>\n",
       "\t<tr><th scope=row>3</th><td>All-Bran                 </td><td>K</td><td>C</td><td> 70</td><td>4</td><td>1</td><td>260</td><td>9  </td><td>7   </td><td> 5</td><td>320</td><td>25</td><td>3</td><td>1</td><td>0.33</td><td>59.425505</td></tr>\n",
       "\t<tr><th scope=row>4</th><td>All-Bran with Extra Fiber</td><td>K</td><td>C</td><td> 50</td><td>4</td><td>0</td><td>140</td><td>14 </td><td>8   </td><td> 0</td><td>330</td><td>25</td><td>3</td><td>1</td><td>0.5 </td><td>93.704912</td></tr>\n",
       "\t<tr><th scope=row>5</th><td>Almond Delight           </td><td>R</td><td>C</td><td>110</td><td>2</td><td>2</td><td>200</td><td>1  </td><td>14  </td><td> 8</td><td> -1</td><td>25</td><td>3</td><td>1</td><td>0.75</td><td>34.384843</td></tr>\n",
       "\t<tr><th scope=row>6</th><td>Apple Cinnamon Cheerios  </td><td>G</td><td>C</td><td>110</td><td>2</td><td>2</td><td>180</td><td>1.5</td><td>10.5</td><td>10</td><td> 70</td><td>25</td><td>1</td><td>1</td><td>0.75</td><td>29.509541</td></tr>\n",
       "</tbody>\n",
       "</table>\n"
      ],
      "text/latex": [
       "A data.frame: 6 × 16\n",
       "\\begin{tabular}{r|llllllllllllllll}\n",
       "  & name & mfr & type & calories & protein & fat & sodium & fiber & carbo & sugars & potass & vitamins & shelf & weight & cups & rating\\\\\n",
       "  & <fct> & <fct> & <fct> & <int> & <int> & <int> & <int> & <fct> & <fct> & <int> & <int> & <int> & <int> & <fct> & <fct> & <fct>\\\\\n",
       "\\hline\n",
       "\t1 & 100\\% Bran                 & N & C &  70 & 4 & 1 & 130 & 10  & 5    &  6 & 280 & 25 & 3 & 1 & 0.33 & 68.402973\\\\\n",
       "\t2 & 100\\% Natural Bran         & Q & C & 120 & 3 & 5 &  15 & 2   & 8    &  8 & 135 &  0 & 3 & 1 & 1    & 33.983679\\\\\n",
       "\t3 & All-Bran                  & K & C &  70 & 4 & 1 & 260 & 9   & 7    &  5 & 320 & 25 & 3 & 1 & 0.33 & 59.425505\\\\\n",
       "\t4 & All-Bran with Extra Fiber & K & C &  50 & 4 & 0 & 140 & 14  & 8    &  0 & 330 & 25 & 3 & 1 & 0.5  & 93.704912\\\\\n",
       "\t5 & Almond Delight            & R & C & 110 & 2 & 2 & 200 & 1   & 14   &  8 &  -1 & 25 & 3 & 1 & 0.75 & 34.384843\\\\\n",
       "\t6 & Apple Cinnamon Cheerios   & G & C & 110 & 2 & 2 & 180 & 1.5 & 10.5 & 10 &  70 & 25 & 1 & 1 & 0.75 & 29.509541\\\\\n",
       "\\end{tabular}\n"
      ],
      "text/markdown": [
       "\n",
       "A data.frame: 6 × 16\n",
       "\n",
       "| <!--/--> | name &lt;fct&gt; | mfr &lt;fct&gt; | type &lt;fct&gt; | calories &lt;int&gt; | protein &lt;int&gt; | fat &lt;int&gt; | sodium &lt;int&gt; | fiber &lt;fct&gt; | carbo &lt;fct&gt; | sugars &lt;int&gt; | potass &lt;int&gt; | vitamins &lt;int&gt; | shelf &lt;int&gt; | weight &lt;fct&gt; | cups &lt;fct&gt; | rating &lt;fct&gt; |\n",
       "|---|---|---|---|---|---|---|---|---|---|---|---|---|---|---|---|---|\n",
       "| 1 | 100% Bran                 | N | C |  70 | 4 | 1 | 130 | 10  | 5    |  6 | 280 | 25 | 3 | 1 | 0.33 | 68.402973 |\n",
       "| 2 | 100% Natural Bran         | Q | C | 120 | 3 | 5 |  15 | 2   | 8    |  8 | 135 |  0 | 3 | 1 | 1    | 33.983679 |\n",
       "| 3 | All-Bran                  | K | C |  70 | 4 | 1 | 260 | 9   | 7    |  5 | 320 | 25 | 3 | 1 | 0.33 | 59.425505 |\n",
       "| 4 | All-Bran with Extra Fiber | K | C |  50 | 4 | 0 | 140 | 14  | 8    |  0 | 330 | 25 | 3 | 1 | 0.5  | 93.704912 |\n",
       "| 5 | Almond Delight            | R | C | 110 | 2 | 2 | 200 | 1   | 14   |  8 |  -1 | 25 | 3 | 1 | 0.75 | 34.384843 |\n",
       "| 6 | Apple Cinnamon Cheerios   | G | C | 110 | 2 | 2 | 180 | 1.5 | 10.5 | 10 |  70 | 25 | 1 | 1 | 0.75 | 29.509541 |\n",
       "\n"
      ],
      "text/plain": [
       "  name                      mfr type calories protein fat sodium fiber carbo\n",
       "1 100% Bran                 N   C     70      4       1   130    10    5    \n",
       "2 100% Natural Bran         Q   C    120      3       5    15    2     8    \n",
       "3 All-Bran                  K   C     70      4       1   260    9     7    \n",
       "4 All-Bran with Extra Fiber K   C     50      4       0   140    14    8    \n",
       "5 Almond Delight            R   C    110      2       2   200    1     14   \n",
       "6 Apple Cinnamon Cheerios   G   C    110      2       2   180    1.5   10.5 \n",
       "  sugars potass vitamins shelf weight cups rating   \n",
       "1  6     280    25       3     1      0.33 68.402973\n",
       "2  8     135     0       3     1      1    33.983679\n",
       "3  5     320    25       3     1      0.33 59.425505\n",
       "4  0     330    25       3     1      0.5  93.704912\n",
       "5  8      -1    25       3     1      0.75 34.384843\n",
       "6 10      70    25       1     1      0.75 29.509541"
      ]
     },
     "metadata": {},
     "output_type": "display_data"
    }
   ],
   "source": [
    "head(Datos)"
   ]
  },
  {
   "cell_type": "markdown",
   "metadata": {},
   "source": [
    "Extraigamos las variables cuantitativas de la base."
   ]
  },
  {
   "cell_type": "code",
   "execution_count": 20,
   "metadata": {},
   "outputs": [
    {
     "name": "stdout",
     "output_type": "stream",
     "text": [
      "'data.frame':\t77 obs. of  13 variables:\n",
      " $ calories: int  70 120 70 50 110 110 110 130 90 90 ...\n",
      " $ protein : int  4 3 4 4 2 2 2 3 2 3 ...\n",
      " $ fat     : int  1 5 1 0 2 2 0 2 1 0 ...\n",
      " $ sodium  : int  130 15 260 140 200 180 125 210 200 210 ...\n",
      " $ fiber   : Factor w/ 13 levels \"0\",\"1\",\"1.5\",..: 4 6 13 5 2 3 2 6 10 11 ...\n",
      " $ carbo   : Factor w/ 22 levels \"-1\",\"10\",\"10.5\",..: 19 21 20 21 9 3 4 13 10 7 ...\n",
      " $ sugars  : int  6 8 5 0 8 10 14 8 6 5 ...\n",
      " $ potass  : int  280 135 320 330 -1 70 30 100 125 190 ...\n",
      " $ vitamins: int  25 0 25 25 25 25 25 25 25 25 ...\n",
      " $ shelf   : int  3 3 3 3 3 1 2 3 1 3 ...\n",
      " $ weight  : Factor w/ 7 levels \"0.5\",\"0.83\",\"1\",..: 3 3 3 3 3 3 3 6 3 3 ...\n",
      " $ cups    : Factor w/ 12 levels \"0.25\",\"0.33\",..: 2 8 2 3 5 5 8 5 4 4 ...\n",
      " $ rating  : Factor w/ 77 levels \"18.042851\",\"19.823573\",..: 74 21 68 77 23 12 20 30 54 62 ...\n"
     ]
    }
   ],
   "source": [
    "cuanti=subset(Datos, select=c(4:16))\n",
    "str(cuanti)"
   ]
  },
  {
   "cell_type": "code",
   "execution_count": 26,
   "metadata": {},
   "outputs": [
    {
     "name": "stdout",
     "output_type": "stream",
     "text": [
      "'data.frame':\t77 obs. of  8 variables:\n",
      " $ calories: int  70 120 70 50 110 110 110 130 90 90 ...\n",
      " $ protein : int  4 3 4 4 2 2 2 3 2 3 ...\n",
      " $ fat     : int  1 5 1 0 2 2 0 2 1 0 ...\n",
      " $ sodium  : int  130 15 260 140 200 180 125 210 200 210 ...\n",
      " $ sugars  : int  6 8 5 0 8 10 14 8 6 5 ...\n",
      " $ potass  : int  280 135 320 330 -1 70 30 100 125 190 ...\n",
      " $ vitamins: int  25 0 25 25 25 25 25 25 25 25 ...\n",
      " $ shelf   : int  3 3 3 3 3 1 2 3 1 3 ...\n"
     ]
    }
   ],
   "source": [
    "cuanti2=subset(Datos, select=c(4:7,10:13))\n",
    "str(cuanti2)"
   ]
  },
  {
   "cell_type": "markdown",
   "metadata": {},
   "source": [
    "## Matriz de covarianzas y de correlación\n",
    "\n",
    "Cuando se tiene un conjunto de variables cuantitativas, por cada par de ellas se calcula la covarianza:\n",
    "$Cov(X,Y)=\\frac{1}{n-1}\\sum_{i=1}^n (X_i-\\bar{X})(Y_i-\\bar{Y})$\n",
    "Estos valores conformaran la matriz de covarianzas.\n",
    "EL coeficiente de correlación lineal se define como:\n",
    "$\\rho_{XY}=\\frac{Cov(X;Y)}{sd(X)sd(Y)}$"
   ]
  },
  {
   "cell_type": "code",
   "execution_count": 27,
   "metadata": {},
   "outputs": [
    {
     "data": {
      "text/html": [
       "<table>\n",
       "<caption>A matrix: 8 × 8 of type dbl</caption>\n",
       "<thead>\n",
       "\t<tr><th></th><th scope=col>calories</th><th scope=col>protein</th><th scope=col>fat</th><th scope=col>sodium</th><th scope=col>sugars</th><th scope=col>potass</th><th scope=col>vitamins</th><th scope=col>shelf</th></tr>\n",
       "</thead>\n",
       "<tbody>\n",
       "\t<tr><th scope=row>calories</th><td>379.6308954</td><td> 0.4066986</td><td> 9.7778537</td><td> 491.0799727</td><td>48.7012987</td><td> -92.517088</td><td>115.5160629</td><td> 1.5772386</td></tr>\n",
       "\t<tr><th scope=row>protein</th><td>  0.4066986</td><td> 1.1985646</td><td> 0.2296651</td><td>  -5.0179426</td><td>-1.6016746</td><td>  42.877990</td><td>  0.1794258</td><td> 0.1220096</td></tr>\n",
       "\t<tr><th scope=row>fat</th><td>  9.7778537</td><td> 0.2296651</td><td> 1.0129870</td><td>  -0.4562543</td><td> 1.2115516</td><td>  13.867396</td><td> -0.7006152</td><td> 0.2209501</td></tr>\n",
       "\t<tr><th scope=row>sodium</th><td>491.0799727</td><td>-5.0179426</td><td>-0.4562543</td><td>7027.8537252</td><td>37.8033151</td><td>-194.842789</td><td>677.0548530</td><td>-4.8658578</td></tr>\n",
       "\t<tr><th scope=row>sugars</th><td> 48.7012987</td><td>-1.6016746</td><td> 1.2115516</td><td>  37.8033151</td><td>19.7570062</td><td>   6.874573</td><td> 12.4273753</td><td> 0.3716678</td></tr>\n",
       "\t<tr><th scope=row>potass</th><td>-92.5170882</td><td>42.8779904</td><td>13.8673958</td><td>-194.8427888</td><td> 6.8745728</td><td>5081.809638</td><td> 32.9673616</td><td>21.4046480</td></tr>\n",
       "\t<tr><th scope=row>vitamins</th><td>115.5160629</td><td> 0.1794258</td><td>-0.7006152</td><td> 677.0548530</td><td>12.4273753</td><td>  32.967362</td><td>499.1883117</td><td> 5.5664730</td></tr>\n",
       "\t<tr><th scope=row>shelf</th><td>  1.5772386</td><td> 0.1220096</td><td> 0.2209501</td><td>  -4.8658578</td><td> 0.3716678</td><td>  21.404648</td><td>  5.5664730</td><td> 0.6930964</td></tr>\n",
       "</tbody>\n",
       "</table>\n"
      ],
      "text/latex": [
       "A matrix: 8 × 8 of type dbl\n",
       "\\begin{tabular}{r|llllllll}\n",
       "  & calories & protein & fat & sodium & sugars & potass & vitamins & shelf\\\\\n",
       "\\hline\n",
       "\tcalories & 379.6308954 &  0.4066986 &  9.7778537 &  491.0799727 & 48.7012987 &  -92.517088 & 115.5160629 &  1.5772386\\\\\n",
       "\tprotein &   0.4066986 &  1.1985646 &  0.2296651 &   -5.0179426 & -1.6016746 &   42.877990 &   0.1794258 &  0.1220096\\\\\n",
       "\tfat &   9.7778537 &  0.2296651 &  1.0129870 &   -0.4562543 &  1.2115516 &   13.867396 &  -0.7006152 &  0.2209501\\\\\n",
       "\tsodium & 491.0799727 & -5.0179426 & -0.4562543 & 7027.8537252 & 37.8033151 & -194.842789 & 677.0548530 & -4.8658578\\\\\n",
       "\tsugars &  48.7012987 & -1.6016746 &  1.2115516 &   37.8033151 & 19.7570062 &    6.874573 &  12.4273753 &  0.3716678\\\\\n",
       "\tpotass & -92.5170882 & 42.8779904 & 13.8673958 & -194.8427888 &  6.8745728 & 5081.809638 &  32.9673616 & 21.4046480\\\\\n",
       "\tvitamins & 115.5160629 &  0.1794258 & -0.7006152 &  677.0548530 & 12.4273753 &   32.967362 & 499.1883117 &  5.5664730\\\\\n",
       "\tshelf &   1.5772386 &  0.1220096 &  0.2209501 &   -4.8658578 &  0.3716678 &   21.404648 &   5.5664730 &  0.6930964\\\\\n",
       "\\end{tabular}\n"
      ],
      "text/markdown": [
       "\n",
       "A matrix: 8 × 8 of type dbl\n",
       "\n",
       "| <!--/--> | calories | protein | fat | sodium | sugars | potass | vitamins | shelf |\n",
       "|---|---|---|---|---|---|---|---|---|\n",
       "| calories | 379.6308954 |  0.4066986 |  9.7778537 |  491.0799727 | 48.7012987 |  -92.517088 | 115.5160629 |  1.5772386 |\n",
       "| protein |   0.4066986 |  1.1985646 |  0.2296651 |   -5.0179426 | -1.6016746 |   42.877990 |   0.1794258 |  0.1220096 |\n",
       "| fat |   9.7778537 |  0.2296651 |  1.0129870 |   -0.4562543 |  1.2115516 |   13.867396 |  -0.7006152 |  0.2209501 |\n",
       "| sodium | 491.0799727 | -5.0179426 | -0.4562543 | 7027.8537252 | 37.8033151 | -194.842789 | 677.0548530 | -4.8658578 |\n",
       "| sugars |  48.7012987 | -1.6016746 |  1.2115516 |   37.8033151 | 19.7570062 |    6.874573 |  12.4273753 |  0.3716678 |\n",
       "| potass | -92.5170882 | 42.8779904 | 13.8673958 | -194.8427888 |  6.8745728 | 5081.809638 |  32.9673616 | 21.4046480 |\n",
       "| vitamins | 115.5160629 |  0.1794258 | -0.7006152 |  677.0548530 | 12.4273753 |   32.967362 | 499.1883117 |  5.5664730 |\n",
       "| shelf |   1.5772386 |  0.1220096 |  0.2209501 |   -4.8658578 |  0.3716678 |   21.404648 |   5.5664730 |  0.6930964 |\n",
       "\n"
      ],
      "text/plain": [
       "         calories    protein    fat        sodium       sugars     potass     \n",
       "calories 379.6308954  0.4066986  9.7778537  491.0799727 48.7012987  -92.517088\n",
       "protein    0.4066986  1.1985646  0.2296651   -5.0179426 -1.6016746   42.877990\n",
       "fat        9.7778537  0.2296651  1.0129870   -0.4562543  1.2115516   13.867396\n",
       "sodium   491.0799727 -5.0179426 -0.4562543 7027.8537252 37.8033151 -194.842789\n",
       "sugars    48.7012987 -1.6016746  1.2115516   37.8033151 19.7570062    6.874573\n",
       "potass   -92.5170882 42.8779904 13.8673958 -194.8427888  6.8745728 5081.809638\n",
       "vitamins 115.5160629  0.1794258 -0.7006152  677.0548530 12.4273753   32.967362\n",
       "shelf      1.5772386  0.1220096  0.2209501   -4.8658578  0.3716678   21.404648\n",
       "         vitamins    shelf     \n",
       "calories 115.5160629  1.5772386\n",
       "protein    0.1794258  0.1220096\n",
       "fat       -0.7006152  0.2209501\n",
       "sodium   677.0548530 -4.8658578\n",
       "sugars    12.4273753  0.3716678\n",
       "potass    32.9673616 21.4046480\n",
       "vitamins 499.1883117  5.5664730\n",
       "shelf      5.5664730  0.6930964"
      ]
     },
     "metadata": {},
     "output_type": "display_data"
    }
   ],
   "source": [
    "cov(cuanti2)"
   ]
  },
  {
   "cell_type": "markdown",
   "metadata": {},
   "source": [
    "Ahora calculamos la matriz de correlaciones:"
   ]
  },
  {
   "cell_type": "code",
   "execution_count": 30,
   "metadata": {},
   "outputs": [
    {
     "data": {
      "text/html": [
       "<table>\n",
       "<caption>A matrix: 8 × 8 of type dbl</caption>\n",
       "<thead>\n",
       "\t<tr><th></th><th scope=col>calories</th><th scope=col>protein</th><th scope=col>fat</th><th scope=col>sodium</th><th scope=col>sugars</th><th scope=col>potass</th><th scope=col>vitamins</th><th scope=col>shelf</th></tr>\n",
       "</thead>\n",
       "<tbody>\n",
       "\t<tr><th scope=row>calories</th><td> 1.00000000</td><td> 0.019066068</td><td> 0.498609814</td><td> 0.300649227</td><td> 0.56234029</td><td>-0.06660886</td><td> 0.265356298</td><td> 0.09723437</td></tr>\n",
       "\t<tr><th scope=row>protein</th><td> 0.01906607</td><td> 1.000000000</td><td> 0.208430990</td><td>-0.054674348</td><td>-0.32914178</td><td> 0.54940740</td><td> 0.007335371</td><td> 0.13386479</td></tr>\n",
       "\t<tr><th scope=row>fat</th><td> 0.49860981</td><td> 0.208430990</td><td> 1.000000000</td><td>-0.005407464</td><td> 0.27081918</td><td> 0.19327860</td><td>-0.031156266</td><td> 0.26369109</td></tr>\n",
       "\t<tr><th scope=row>sodium</th><td> 0.30064923</td><td>-0.054674348</td><td>-0.005407464</td><td> 1.000000000</td><td> 0.10145138</td><td>-0.03260347</td><td> 0.361476688</td><td>-0.06971902</td></tr>\n",
       "\t<tr><th scope=row>sugars</th><td> 0.56234029</td><td>-0.329141777</td><td> 0.270819175</td><td> 0.101451381</td><td> 1.00000000</td><td> 0.02169581</td><td> 0.125137260</td><td> 0.10043789</td></tr>\n",
       "\t<tr><th scope=row>potass</th><td>-0.06660886</td><td> 0.549407400</td><td> 0.193278602</td><td>-0.032603467</td><td> 0.02169581</td><td> 1.00000000</td><td> 0.020698687</td><td> 0.36066341</td></tr>\n",
       "\t<tr><th scope=row>vitamins</th><td> 0.26535630</td><td> 0.007335371</td><td>-0.031156266</td><td> 0.361476688</td><td> 0.12513726</td><td> 0.02069869</td><td> 1.000000000</td><td> 0.29926167</td></tr>\n",
       "\t<tr><th scope=row>shelf</th><td> 0.09723437</td><td> 0.133864789</td><td> 0.263691089</td><td>-0.069719015</td><td> 0.10043789</td><td> 0.36066341</td><td> 0.299261665</td><td> 1.00000000</td></tr>\n",
       "</tbody>\n",
       "</table>\n"
      ],
      "text/latex": [
       "A matrix: 8 × 8 of type dbl\n",
       "\\begin{tabular}{r|llllllll}\n",
       "  & calories & protein & fat & sodium & sugars & potass & vitamins & shelf\\\\\n",
       "\\hline\n",
       "\tcalories &  1.00000000 &  0.019066068 &  0.498609814 &  0.300649227 &  0.56234029 & -0.06660886 &  0.265356298 &  0.09723437\\\\\n",
       "\tprotein &  0.01906607 &  1.000000000 &  0.208430990 & -0.054674348 & -0.32914178 &  0.54940740 &  0.007335371 &  0.13386479\\\\\n",
       "\tfat &  0.49860981 &  0.208430990 &  1.000000000 & -0.005407464 &  0.27081918 &  0.19327860 & -0.031156266 &  0.26369109\\\\\n",
       "\tsodium &  0.30064923 & -0.054674348 & -0.005407464 &  1.000000000 &  0.10145138 & -0.03260347 &  0.361476688 & -0.06971902\\\\\n",
       "\tsugars &  0.56234029 & -0.329141777 &  0.270819175 &  0.101451381 &  1.00000000 &  0.02169581 &  0.125137260 &  0.10043789\\\\\n",
       "\tpotass & -0.06660886 &  0.549407400 &  0.193278602 & -0.032603467 &  0.02169581 &  1.00000000 &  0.020698687 &  0.36066341\\\\\n",
       "\tvitamins &  0.26535630 &  0.007335371 & -0.031156266 &  0.361476688 &  0.12513726 &  0.02069869 &  1.000000000 &  0.29926167\\\\\n",
       "\tshelf &  0.09723437 &  0.133864789 &  0.263691089 & -0.069719015 &  0.10043789 &  0.36066341 &  0.299261665 &  1.00000000\\\\\n",
       "\\end{tabular}\n"
      ],
      "text/markdown": [
       "\n",
       "A matrix: 8 × 8 of type dbl\n",
       "\n",
       "| <!--/--> | calories | protein | fat | sodium | sugars | potass | vitamins | shelf |\n",
       "|---|---|---|---|---|---|---|---|---|\n",
       "| calories |  1.00000000 |  0.019066068 |  0.498609814 |  0.300649227 |  0.56234029 | -0.06660886 |  0.265356298 |  0.09723437 |\n",
       "| protein |  0.01906607 |  1.000000000 |  0.208430990 | -0.054674348 | -0.32914178 |  0.54940740 |  0.007335371 |  0.13386479 |\n",
       "| fat |  0.49860981 |  0.208430990 |  1.000000000 | -0.005407464 |  0.27081918 |  0.19327860 | -0.031156266 |  0.26369109 |\n",
       "| sodium |  0.30064923 | -0.054674348 | -0.005407464 |  1.000000000 |  0.10145138 | -0.03260347 |  0.361476688 | -0.06971902 |\n",
       "| sugars |  0.56234029 | -0.329141777 |  0.270819175 |  0.101451381 |  1.00000000 |  0.02169581 |  0.125137260 |  0.10043789 |\n",
       "| potass | -0.06660886 |  0.549407400 |  0.193278602 | -0.032603467 |  0.02169581 |  1.00000000 |  0.020698687 |  0.36066341 |\n",
       "| vitamins |  0.26535630 |  0.007335371 | -0.031156266 |  0.361476688 |  0.12513726 |  0.02069869 |  1.000000000 |  0.29926167 |\n",
       "| shelf |  0.09723437 |  0.133864789 |  0.263691089 | -0.069719015 |  0.10043789 |  0.36066341 |  0.299261665 |  1.00000000 |\n",
       "\n"
      ],
      "text/plain": [
       "         calories    protein      fat          sodium       sugars     \n",
       "calories  1.00000000  0.019066068  0.498609814  0.300649227  0.56234029\n",
       "protein   0.01906607  1.000000000  0.208430990 -0.054674348 -0.32914178\n",
       "fat       0.49860981  0.208430990  1.000000000 -0.005407464  0.27081918\n",
       "sodium    0.30064923 -0.054674348 -0.005407464  1.000000000  0.10145138\n",
       "sugars    0.56234029 -0.329141777  0.270819175  0.101451381  1.00000000\n",
       "potass   -0.06660886  0.549407400  0.193278602 -0.032603467  0.02169581\n",
       "vitamins  0.26535630  0.007335371 -0.031156266  0.361476688  0.12513726\n",
       "shelf     0.09723437  0.133864789  0.263691089 -0.069719015  0.10043789\n",
       "         potass      vitamins     shelf      \n",
       "calories -0.06660886  0.265356298  0.09723437\n",
       "protein   0.54940740  0.007335371  0.13386479\n",
       "fat       0.19327860 -0.031156266  0.26369109\n",
       "sodium   -0.03260347  0.361476688 -0.06971902\n",
       "sugars    0.02169581  0.125137260  0.10043789\n",
       "potass    1.00000000  0.020698687  0.36066341\n",
       "vitamins  0.02069869  1.000000000  0.29926167\n",
       "shelf     0.36066341  0.299261665  1.00000000"
      ]
     },
     "metadata": {},
     "output_type": "display_data"
    }
   ],
   "source": [
    "cor(cuanti2)"
   ]
  },
  {
   "cell_type": "markdown",
   "metadata": {},
   "source": [
    "Veamos estos datos, usaremos [ggplot2](https://ggplot2.tidyverse.org/) y [reshape2](https://cran.r-project.org/web/packages/reshape2/index.html):"
   ]
  },
  {
   "cell_type": "code",
   "execution_count": 31,
   "metadata": {},
   "outputs": [],
   "source": [
    "library(reshape2)\n",
    "library(ggplot2)"
   ]
  },
  {
   "cell_type": "code",
   "execution_count": 33,
   "metadata": {},
   "outputs": [
    {
     "data": {
      "image/png": "iVBORw0KGgoAAAANSUhEUgAAA0gAAANICAMAAADKOT/pAAAB9VBMVEUAAAATK0MTK0QULUUU\nLUYVLkcVL0gVMEkWMUsWMUwXMk0XM04YNFAYNVEYNlIZNlMZN1QaOFYaOVcbOlgbO1kcPFod\nPVsdPlwdP10eQF4eQWAfQWEfQmIfQ2MgRGUgRWYhRmchRmghR2giSGoiSWsiSmwjSm0jS20j\nS24jS28kTXAlTnElT3MmT3QmUHUnUnYnUngnU3koU3koVHooVXwpVnwpVn0pV34qWH8qWYAr\nWoIrW4MsXIQsXIUsXYYsXYctXoguX4kuYIouYYsvYowvY44wZI8wZZAwZpExZpMxZ5MyaJQy\naZYzMzMzapcza5g0bJo0bZs0bZw1bpw1bp42cJ82caA3cqI3cqM3c6Q4daU4dac5dqg5d6k6\neas7eaw7eq47e648e688fLA9fbI9frM9f7Q+gLY+gbg+grc/grk/g7pAhLtAhb1Bh75BiMBC\nicFCisJDi8REjMVEjcdFjshFj8lGkMtGkcxHks1Hk89IlNFJldJJltNKl9RKmNZLmtdLm9lM\nnNpMndtNTU1Nnt1Nn95NoOBOoeFOouJPo+RPpOVQpedQpuhRp+pSqOxSqe1Tqu5Tq/BUrfFU\nrvNVr/RVsPVWsfdoaGh8fHyMjIyampqnp6eysrK9vb3Hx8fQ0NDZ2dnh4eHp6enr6+vw8PD/\n///gQ2NdAAAACXBIWXMAABJ0AAASdAHeZh94AAAeLUlEQVR4nO3dh4PjbGLXcR299w4XEgjh\n6HcQjhr6GyCwwIXeCe0IvXcIRXQSOjez5X1332X1dzL22GNZ1jzzyPrNjLz6fHOxXDTPyvbz\nWWm0M36bTtLsmufeAOljCCQpEEhSIJCkQCBJgUCSAoEkBQJJCvS4kP7fpCau/mRjLXcwGzay\n9vME0iUPZsNG1n6eQLrkwWzYyNrPE0iXPJgNG1n7eQLpkgezYSNrP08gXfJgNmxk7ecJpEse\nzIaNrP08gXTJg9mwkbWfJ5AueTAbNrL28/QkkL6c7KvJPgn2xWRfCfa1ZL872TeCgQQSSCCV\nAwkkkAKBBBJIgUACCaRAIIEEUiCQQAIpEEgggRQIJJBACgQSSCAFAgkkkAKBBBJIgUACCaRA\nIIEEUiCQQAIpEEgggRQIJJBACgQSSCAFAgkkkAKBBBJIgUACCaRAIIEEUiCQQAIpEEgggRQI\nJJBACgQSSCAFAgkkkAKBBBJIgUACCaRAIIEEUiCQQAIpEEgggRQIJJBACgQSSCAFAgkkkAKB\nBBJIgUACCaRAIIEEUiCQQAIpEEgggRQIJJBACgQSSCAFAgkkkKpqR263d3eCBBJIVY1A6t0F\nEkggVQUSSCB1MyC17fYIru1ul0e3HdqBBFJd7e5ip+dwe79HerFptzJIID06pLkSZjYLUncE\n6BjSNnskkJ4K0oXukfan5g57pttDOpBAAmla+6O6Iz0ggQTS1FqQQAJp2+yTDadLkEACqbq7\n093d/scZjk7g3QYSSCAFAgkkkAKBBBJIgUACCaRAIIEEUiCQQAIpEEgggRQIJJBACgQSSCAF\nAgkkkAKBBBJIgUACCaRAIIEEUiCQQAIpEEgggRQIJJBACgQSSCAFAgkkkAKBBBJIgUACCaRA\nIIEEUiCQQAIpEEgggRQIJJBACgQSSCAFAgkkkAKBBBJIgUACCaRAIIEEUiCQQAIpEEgggRQI\nJJBACgQSSCAFAgkkkAKBBBJIgUACCaRAIIEEUiCQQAIpEEgggRQIJJBACgQSSCAFAgkkkALt\nnltyun7ybcm+Jdh3J/v2YF9Klpz730iiBAkkkEAqBxJIIAUCCSSQAoEEEkiBQAIJpEAggQRS\nIJBAAikQSCCBFAgkkEAKBBJIIAUCCSSQAoEEEkiBQAIJpEAggQRSIJBAAikQSCCBFAgkkEAK\nBBJIIAUCCSSQAoEEEkiBQAIJpEAggQRSIJBAAikQSCCBFAgkkEAKBBJIIAUCCSSQAoEEEkiB\nQAIJpEAggQRSIJBAAikQSCCBFAgkkEAKBBJIIAUCCSSQAoEEEkiBQAIJpEAggQRSIJBAAikQ\nSCCBFAgkkEAKBBJIIB3VnvUYSCCBNKxk6Z5AAgmkYSCBBNJ9PQSp3V3e/N9N3e7y9mbX7W/s\nb989vgskkEDadoDUtfubW0Hd/qJ3+/B4173YtBsEJJAeHdIj4JjSg4d2PSy9uw5g2qPbg8M/\neySQngrSwvdIJ5B2R3j7hwaQuvaIEkgggbSr7YaHbSVIx5RAAgmkXUeQjg7hxiH1j+9AAgmk\nfX08+6O34vdIIIEE0mmHM3W7i/L3SA7tQAIpHEgggRQIJJBACgQSSCAFAgkkkAKBBBJIgUAC\nCaRAIIEEUiCQQAIpEEgggRQIJJBACgQSSCAFAgkkkAKBBBJIgUACCaRAIIEEUiCQQAIpEEgg\ngRQIJJBACgQSSCAFAgkkkAKBBBJIgUACCaRAIIEEUiCQQAIpEEgggRQIJJBACgQSSCAFAgkk\nkAKBBBJIgUACCaRAIIEEUiCQQAIpEEgggRQIJJBACgQSSCAFAgkkkAKBBBJIgUACCaRAIIEE\nUiCQQAIp0O65fTHZ15N9R7BvTrbYuZ/csC99LRhIIIEEUjmQQCoFUmUggVQKpMpAAqkUSJWB\nBFIpkCoDCaRSIFUGEkilQKoMJJBKgVQZSCCVAqkykEAqBVJlIIFUCqTKQAKpFEiVgQRSKZAq\nAwmkUiBVBhJIpUCqDCSQSoFUGUgglQKpMpBAKgVSZSCBVAqkykACqRRIlYEEUimQKgMJpFIg\nVQYSSKVAqgwkkEqBVBlIIJUCqTKQQCoFUmUggVQKpMpAAqkUSJWBBFIpkCoDCaRSIFUGEkil\nQKoMJJBKgVQZSCCVAqkykEAqBVJlIIFUCqTKQAKpFEiVgQRSKZAqAwmkUiBVBhJIpUCqDCSQ\nSoFUGUgglQKpMpBAKgVSZSCBVAqkykACqRRIm9qHVwEJpFIgbQIJpJmtE1Lbte0WT7td9i9P\nl7eBBFKplULaCGl3e6Ldsn+9v+y6F5t2XwkSSKMlIcVInNekPVJ3imZwfXC4Z48EUqkkpAva\nI+0ujiHtjuX2B3TtESWQQCoF0tFh3F5Ud7TcBBJIpUAafo/UjS1BAqncSiHdc7KhHT3ZsA0k\nkEqtFNLx6e9uf/p7p8npb5CmtlZIkwMJpFIgVQYSSKVAqgwkkEqtE9IZgQRSKZAqAwmkUiBV\nBhJIpUCqDCSQSoFUGUgglQKpMpBAKgVSZSCBVAqkykACqRRIlYEEUimQKgMJpFIgVQYSSKVA\nqgwkkEqBVBlIIJUCqTKQQCoFUmUggVQKpMpAAqkUSJWBBFIpkCoDCaRSIFUGEkilQKoMJJBK\ngVQZSCCVAqkykEAqBVJlIIFUCqTKQAKpFEiVgQRSKZAqAwmkUiBVBhJIpUCqDCSQSoFUGUgg\nlQKpMpBAKgVSZSCBVAqkykACqRRIlYEEUimQKgMJpFIgVQYSSKVAqgwkkEqBVBlIIJUCqbLd\nc/veZF9I9p3BvpJssXP/25MlXzGQQBoJpKmBBNJIIE0NJJBGAmlqIIE0EkhTAwmkkUCaGkgg\njQTS1EACaSSQpgYSSCOBNDWQQBoJpKmBBNJIIE0NJJBGAmlqIIE0EkhTAwmkkUCa2pmQmpAA\nkEACKRBIIIEUCCSQ1gLpQ3O1XV41n3fvXjZN+7q7hXSLaXv54VXTvPpwxlQHCaS1QOpeNu9v\nLt/feHrbbHt9Aqnd3H11xlQHCaTVQHq7kdO9bt7e7JQ+67rP94gOkN5s1njdfDp9qoME0mog\ndVftzUW7uejev31zfQrp6vbay+lTHSSQ1gPp0+Zd9655c3Pt+vbYbgipafb3Tw0kkNYD6UPz\n6ubA7UPXvWquPn37HiSQQBpWdfr7VfN+e9x2e4buCNL7w6HdOYEE0oogvbvZ27zbTPubyw93\n3yO1zWe7W683Jxs+a66nT3WQQFoRpJtdzvbc9uum/z3S9tabzbUP29PfzefTpzpIIK0J0qeb\n897d5hivuX53d1j3um3e7A7wtg+cMdVBAmlNkB4tkEACKRBIIIEUCCSQQAoEEkggBQIJJJAC\ngQQSSIFAAgmkQCCBBFIgkEACKRBIIIF02sHF/rcqHvjtCpBAWg+k4st0xOLORbO7aO5ujAcS\nSCANITUdSCCBdG+1kDqQQALpge4RBBJIIH3FHgmk0UCaWg2k/1tq3AVIIIE07P+UGncBEkgg\nDfvfpcZdgAQSSMP+V6lxF48AqW23H/a6/cDX249+bffL2/s3i90NkGYG0tRqIP3PUiMuNpfx\nn2zYA+ov2/7tI2Xdi027LwVpciBNrWYO/49S1RJGmwipOwXVjd3eZY90biBNrWaP9N9LVUsY\nbdKh3e1id3GAc3s41/ZX2gXSuYE0tRpI/61UvYSxJp1sODp6O3yv1LvdHVMC6dxAmloNpB8o\nNUXCaRPP2rWnkI6W+5V2gXRuIE2tBtL3l5omYdh5Jxvae5bDb5RAOjeQplYD6b+WmmznqOmn\nv/unvfvL9mil20A6N5CmVgPpv5SabOeomf8g25YfBuncQJpaDaT/XGqehPMhjZ3uHgbSuYE0\ntRpI/6nU2RK2zdgjHR/FjQbSuYE0tRpI/7HU+RI2+Vk7kNYD6T+UmjfVQQJpPZD+fal5Ux0k\nkNYD6d+VmjfVQQJpPZD+bal5Ux0kkNYD6d+UmjfVQQJpPZD+dam+isPvHu3/6+ddU/6FJJBA\nWg+kf1VqgKIvo+kelAISSOuB9H2lBiia+2+PBRJI64H0L0sNUAwgPQQFJJDWA2nbvxi2u/uw\nxgDS3Uc2+K9RgATSpn9eaoBiCOn4vpNAAmk9kP5ZqQGKAaTBtZNAAmk9kP5pqQGK40+2O7k6\nDCSQ1gPpn5QaoBhAcmgHEkj7/nGpAYoRSE42gATSpn9Uqq9i/+mqdxfBT1o9J5DODaSp1UD6\nh6XmTXWQQFoPpH9Qat5UBwmk9UD6+6XmTXWQQFoPpL9Xat5UP4L07qq5+vT27gwwkM4NpKnV\nQPq7peZN9T6Yd9ufJ7re3g0SSB8fpL9Tat5U74O5bl533dt2IwkkkD5CSH+71LypfvTrS9sb\n7zeSQALpI4T0t0rNm+qnkG4kvQQJpI8R0t8sNW+q98G82hza3fR5cw0SSB8hpL9Rat5U74N5\nv/8hiM/KPw1RH0jnBtLUaiD99VLzpvoRmPevdh/m/e4aJJA+Pkh/rdS8qe4fZEFaD6S/Wmre\nVB9Aun41b7hBIJ0bSFOrgfRXSs2b6gNIbXYPBdK5gTS1GkhfLzVvqg/gfH79+v28AY8C6dxA\nmloNpL9cqq+id7at/0mrhaEHjzV3TVczEkjnBtLUaiD9pVIDFE3/xuRfNQcJpI8Y0l8sNUAx\nD1I4kM4NpKnVQPoLpQYo+oA6kEACadCfH7a7+7DG8KMamm46pNcO7UD6aCH9uVIDFINDuomQ\nXvseCaSPF9KfLTVAMfjPukyE1DafXzfvP1w37yaSGW/33L4r2Tcl+9Zgybn/jeQU++Zk353s\ni8FqIP2ZUgMU8yDd7IneNG+7D7e/Jzs7kEBaEqQ/XWqAYt6h3Q2kt82n6V/sAwmkRUD6U6UG\nKHqQzjjZ8LL57H1ztfn0hulqRgIJpCVB+pOl+ip6n7R6d33STzZsBF1vviTzw6sggbQkSH+i\n1LypPkT29mrzm7K7X5WdHUggLQnSHy81b6o/yT/IggTSIiD9sVLzpvrRr5rPG2okkEBaEqQ/\nWmreVD86W3792Yd5ow0DCaQlQfojpeZN9T6kq83nrEYtgQTSkiD94VLzpvrxh5+82Vh6+Xbe\nkL1AAmlJkP5QqXlTfXiy4dbSq5AlkEBaEqQ/WGreVB85a3drad6wu0ACaUmQvlZq3lQfB/MW\nJJA+Qkh/oNS8qX7fHqmdN+wukEBaEqTfX2reVPc9EkjrgfT7Ss2b6iNn7VKKOpBAWhak31tq\n3lQf/jtS8Nx3BxJIy4L0e0rNm+p+sgGk9UAqTqy+hMEHRO6Xlb+PFFbUgQTSsiD9rlIDFMPP\ns3vgPLaf/gZpPZB+Z6kBCpBAAumeip8CNUAx9uEnhUACaT2Qtn0ybHf3YY1RSNN+1TwcSCAt\nCdLvKDVA0RzfXsRHFoME0iIg/fZSAxQDSN3gvmEggbQeSL+t1ABFc3xzcO0kkEBaD6TfWmqA\nYrAbcmgHEkj7fkupAYqj/57Lw2fAQQJpPZB+U6m+isMHRN79JyWctQMJpF2/sdS8qQ4SSOuB\n9BtKzZvqIIG0Hki/vtS8qQ4SSOuB9OtKzZvqIIG0Hki/ttS8qQ4SSOuB9GtKzZvqIIG0Hkhf\nLTVvqoME0nog/epS86Y6SCCtB9KvKjVvqoME0nog/cpS86Y6SCCtB9KXS82b6iCBtB5Iv6LU\nvKkOEkjrgfTLS82b6iCBtB5Iv6zUvKk+B1K7/V8pkEBaEqRfWmqGhG42pAcCCaQlQfolpfoq\n7vmk1cLQIIG0Hki/uNQAxeADIlO/at7eNFjuDu1ub27+t31o9zhIIC0P0i8q9SSQDloOy3YA\naX/f7T0vNu2+GiSQHh1SzTT+haWeDlI3Cmp4V/+Qzx4JpKeCVLNH2vYLhu3uHqB4tEO7rg8F\nJJAuEFLx/XsaSP2jNpBAukxIP7/UU0EaVQMSSBcE6eeVehJID5xsaEEC6QIgFZ/Zk0AqnP7u\nXwUJpCVD+rmlngbSeYEE0pIgFedCX8Xhk1af4icbHg4kkJYEqTjAvKkOEkjrgfRzSs2b6iCB\ntB5IP7vUvKkOEkjrgfSzSs2b6iCBtB5IP7PUvKkOEkjrgfQzSs2b6iCBtB5IP73UvKkOEkjr\ngfTTSs2b6iCBtB5IP7XUvKkOEkjrgfRTSs2b6iCBtB5IP7nUvKkOEkjrgfSTSs2b6iCBtB5I\nP7HUvKkOEkjrgfQTSs2b6iCBtB5IP77UvKkOEkjrgfTjSg1Xvu/jVsfJgATSeiD92FKDdcd+\nTbbABSSQ1gPpx5QarAsSSCDd048uNVj35EMamqIWkEBaD6RtP2rY7u7BaqOQ7v/gBpBAWg+k\nH1lqsO4QUjNy33D1RwskkJYE6UeUGqw7Bqkb3Ddc/dECCaQlQfrhpQ4mtsdvA0hj1/qBBNJ6\nIP2wUoN1jyE1I/edrv5ogQTSkiD90FKDdY/Q9E6DO9kA0uoh/ZBSw5V7H7fa7E/XOWsHEkhd\n94NLzZvqIIG0Hkg/qNS8qQ4SSOuB9IVS86Y6SCCBBBJIIIEEEkhPC+kRAwkkkAKBBBJIgUAC\nCaRAIIEEUiCQQAIpEEgggRQIJJBACvQkkL4n2W9Olpz7SZTf+p3BviPZtyT7JBhIIIEEUjmQ\nQAIpEEgggRQIJJBACgQSSCAFAgkkkAKBBBJIgUACCaRAIIEEUiCQQAIpEEgggRQIJJBACgQS\nSCAFAgkkkAKBBBJIgUACCaRAIIEEUiCQQAIpEEgggRQIJJBACgQSSCAFAgkkkAKBBBJIgUAC\nCaRAIIEEUiCQQAIpEEgggRQIJJBACgQSSCAFAgkkkAKBBBJIgUACCaRAIIEEUiCQQAIpEEgg\ngRQIJJBACgQSSCAFAgkkkAKBBBJIgUACCaRAIIEEUiCQQAIpEEgggTSpth27FySQQJpSO34d\nJJBAmhJIIIE0v7bdHNr1L28DCSSQptTu/n9zccvoxabdoyCB9OiQMhP57NKHdq1DO5CeBdLH\ns0e6O7Y73A0SSCBNaX9YZ48EEkgzOv0eaRtIIIE0pT0kh3YggTSj273RDaPb89/7u0ECCaRA\nIIEEUiCQQAIpEEgggRQIJJBACgQSSCAFAgkkkAKBBBJIgUACCaRAIIEEUiCQQAIpEEgggRQI\nJJBACgQSSCAFAgkkkAKBBBJIgUACCaRAIIEEUiCQQAIpEEgggRQIJJBACgQSSCAFAgkkkAKB\nBBJIgUACCaRAIIEEUiCQQAIpEEgggRQIJJBACgQSSCAFAgkkkAKBBBJIgUACCaRAIIEEUiCQ\nQAIpEEgggRQIJJBACgQSSCAFAgkkkAKBBBJIgUACCaRAu+f2pWTJuf+NJMpvSvaFYF9P9m3J\nvhoMJJBAAqkcSCCBFAgkkEAKBBJIIAUCCSSQAoEEEkiBQAIJpEAggQRSIJBAAikQSCCBFAgk\nkEAKBBJIIAUCCSSQAoEEEkiBQAIJpEAggQRSIJBAAikQSCCBFAgkkEAKBBJIIAUCCSSQAoEE\nEkiBQAIJpEAggQRSIJBAAikQSCCBFAgkkEAKBBJIIAUCCSSQAoEEEkiBQAIJpEAggQRSIJBA\nAikQSCCBFAgkkEAKBBJIIAUCCSSQAoEEEkiBQAIJpEAggQRSIJBAAikQSCCBNLn25B6QQAKp\nqlM8/UACCaSqQAIJpG4SpLZr23a37DbXB5cbVPt1doEEEkjD7rDsljs5R9cPj73YtPtKkEB6\ndEhBFOc0aY/U3dm5F9LdY9vskUB6KkgXtEfaXZxCandHeCCBBNKDlfdIw8e2gQQSSMNAAgmk\n+zrnZEPX+R4JJJCOOuv09/bW7sbw9HcHEkgglSr/2+toIIEE0jCQQALpvkACCaRAfo0CJJAC\ngQQSSIFAAgmkQCCBBFIgkEACKRBIIIEUCCSQQAoEEkggBQIJJJACgQQSSIFAAgmkQCCBBFIg\nkEACKRBIIIEUCCSQQAoEEkggBQIJJJACgQQSSIFAAgmkQCCBBFIgkEACKRBIIIEUCCSQQAoE\nEkggBQIJJJACgQQSSIFAAgmkQCCBBFIgkEACKRBIIIEUCCSQQAoEEkggBQIJJJACgQQSSIFA\nAgmkQCCBBFIgkEACKRBIIIEU6EkgRed+VOX3BPuuZN8b7IvJPkn25WAggQQSSOVAAgmkQCCB\nBFIgkEACKRBIIIEUCCSQQAoEEkggBQIJJJACgQQSSIFAAgmkQCCBBFIgkEACKRBIIIEUCCSQ\nQAoEEkggBQIJJJACgQQSSIFAAgmkQCCBBFIgkEACKRBIIIEUCCSQQAoEEkggBQIJJJACgQQS\nSIFAAgmkQCCBBFIgkEACKRBIIIEUCCSQQAoEEkggBQIJJJACgQQSSIFAAgmkQCCBBFIgkEAC\nKRBIIIEUCCSQQAoEEkggBQIJJJACgQQSSIFAAgmke2sfuH0IJJBAurf74QwDCSSQ7g0kkEAa\nVAWpvam3bPtXbxbt6Sq7QAIJpLva3UVveXe1PXlod/Fi024AkEB6dEhhGFOrhtS7MQLnaHnI\nHgmkp4J0KXuk22vbA7cxQO3+WO+IEkgggXRX279S2CPtVvI9EkggjdX2lw9C6t8ACSSQ7upr\nue/QbrDcBRJIIB3qnds+gLo7E+70N0gg+Vk7kEAKBBJIIAUCCSSQAoEEEkiBQAIJpEAggQRS\nIJBAAikQSCCBFAgkkEAKBBJIIAUCCSSQAoEEEkiBQAIJpEAggQRSIJBAAikQSCCBFAgkkEAK\nBBJIIAUCCSSQAoEEEkiBQAIJpEAggQRSIJBAAikQSCCBFAgkkEAKBBJIIAUCCSSQAoEEEkiB\nQAIJpEAggQRSIJBAAikQSCCBFAgkkEAKBBJIIAUCCSSQAoEEEkiBQAIJpEAggQRSIJBAAikQ\nSCCBFOhJIFU2cfUnG2u5g9mwkbWfJ5AueTAbNrL28wTSJQ9mw0bWfp5AuuTBbNjI2s8TSJc8\nmA0bWft5AumSB7NhI2s/TyBd8mA2bGTt5wmkSx7Mho2s/TyBdMmD2bCRtZ8nkC55MBs2svbz\n9LiQpvVioWMtdzAbtphAuuTBbNhiAumSB7NhiwmkSx7Mhi2mJUGSLjaQpEAgSYFAkgKBJAUC\nSQq0AEjtA7fjf8CUL01vTPsIz++5Kz2hWU92bGbE35FQC4S0oEHbe65nRlxOs7fqcZ7WCKRl\nvn4dSPWjgPSYA1SNCtJxbXu7f94t2/7Vm0V7ukp5uK73xbuv6F/evv4VA92zoUdjTf/yo+Vu\nLtzevNusmqF7L9b+FTp55ao38u7lGHuG1a99ux9r+HL3nlR78odVbd/RSMe3F0rpGSAdZtHd\n8u5qe/LQw38J3X1Rf6INrh8em7ypR9sy9YuHT6Yde74121YY7PTJP7xpI6/z2J9QHuwA6XiA\n/pMaeVMrNm/wpIYzZYk9F6TejZE3b9LkPX3nRyCd/MHTNvVsSCPbNzpZqyCNDNaN3a7btLHX\nuR38SQ8P044PcN+Trd+88c0E6dDhtdgdEYy8Yu1+Z175do5Dak/+gLM29W6UqV+9/yu7G50O\nkyDdN9jx1lUfOp1u0t1Id4PUHFQfz+/epoz9JVZ/VDZ8soM3cok9J6TB+zD+l1fd23n/Hmn4\n2PRNPWzm9K+/24zZkO4ZbLh1td8jnWxS/yWrptQe/fHD60NIkykNpwNIR7X95YOQHn7tHhnS\n6DZNGSEF6f5X6mjrakYa++qjzRgu7x2nh+e+92F04KptBKnY0btXgFQ7/0+/mT19Z2dCOuvQ\nbnS2tsOrtU/ydJCTZf2zvO9kQ9uebnb9Zo1tytQBT0Yd+ytoiT3z6e/D3Dg5udv2Vy0O1/W+\n+HCg3/ZHnQHpbjODp7/7Vyu3bTDIcHn05Cue1+C88v589fTX/vaiP8B9kM45/X38lSA9aot9\nbR+9s5/5el+yRwuky+zMXWz/q5UMpAtt1r/xr/Mle9Q+AkjS8weSFAgkKRBIUiCQpEAgSYFA\nev4+NFe7a1fN+7EVXnuXFp+3aAFd7/y8b67HHn7deJcWn7doAX3WvNku3zSfjTz6qgFp+XmL\nFtD+2O6q+dB17142Tfv65lbTfN5eb36E4R1Iy89btIRebo/ttkd2b5ttrzeQrptXNwd2m2vP\nvYF6KG/REnq7PbbbHtldbS4+39DZatoG0vLzFi2i7bHd9sjuZsf09s31LaT9KTyQlp+3aBG9\nukHzvnm5uXp9e2zX5wPS8vMWLaLNsd2b5m23IXX16dv3IF1a3qJldHNsd7V9L7ZoPoB0aXmL\nltGr5u3mFN0GzbvuwzVIl5a3aBltznpvjuw2P8bge6QLzFu0kNq9lldNc/0OpEvLWyQFAkkK\nBJIUCCQpEEhSIJCkQCBJgUCSAoEkBQJJCgSSFAgkKdD/B0eEjo1M2mQnAAAAAElFTkSuQmCC\n",
      "text/plain": [
       "plot without title"
      ]
     },
     "metadata": {
      "image/png": {
       "height": 420,
       "width": 420
      },
      "text/plain": {
       "height": 420,
       "width": 420
      }
     },
     "output_type": "display_data"
    }
   ],
   "source": [
    "matriz=cor(cuanti2)\n",
    "matriz=melt(matriz)\n",
    "ggplot(matriz,aes(x=Var1, y=Var2, fill=value)) + \n",
    "  geom_tile()"
   ]
  },
  {
   "cell_type": "code",
   "execution_count": 34,
   "metadata": {},
   "outputs": [
    {
     "data": {
